aeval1.bmp
(108,144) (121,142) (111,151) (123,151) (118,156)

aevar1.bmp
(118,175) (130,173) (133,184) (138,186) (125,181)

bryanl1.bmp
(114,131) (124,130) (125,142) (122,148) (129,142)

bryanr1.bmp
(103,142) (104,151) (105,158) (118,151) (109,161)

chingycl1.bmp
(89,170) (91,179) (105,177) (104,184) (108,178)

chingycr1.bmp
(117,156) (127,159) (128,165) (142,155) (129,164)

chongpkl1.bmp
(109,155) (110,147) (127,150) (157,115) (115,147)

chongpkr1.bmp
(97,129) (111,121) (122,126) (137,111) (130,129)

christinel1.bmp
(99,139) (114,146) (110,154) (110,140) (105,152)

christiner1.bmp
(113,146) (117,140) (143,121) (118,149) (127,144)

chualsl1.bmp
(86,161) (101,162) (92,173) (104,164) (103,170)

chualsr1.bmp
(106,152) (118,146) (116,153) (123,139) (120,153)

eugenehol1.bmp
(105,165) (124,166) (109,171) (106,164) (110,164)

eugenehor1.bmp
(110,151) (117,151) (124,151) (120,154) (120,157)

fatmal1.bmp
(147,126) (158,126) (173,129) (153,139) (153,131)

fatmar1.bmp
(91,146) (104,138) (110,142) (100,152) (109,145)

fional1.bmp
(107,203) (119,203) (117,210) (124,215) (116,205)

fionar1.bmp
(136,164) (142,164) (145,159) (155,159) (159,159)

hockl1.bmp
(109,155) (118,155) (111,160) (166,106) (116,163)

hockr1.bmp
(116,163) (116,171) (126,166) (127,174) (122,168)

kelvinl1.bmp
(108,142) (108,135) (114,145) (124,145) (115,153)

kelvinr1.bmp
(124,151) (134,149) (140,157) (146,157) (134,160)

lec_1.bmp
(149,145) (157,139) (168,142) (157,151) (164,153)

lecr1.bmp
(112,204) (121,208) (121,202) (128,211) (128,203)

liujwl1.bmp
(99,159) (101,166) (114,161) (108,165) (118,160)
