aeval1.bmp
(118,247) (74,213) (120,235) (115,165) (91,247)

aevar1.bmp
(91,127) (145,259) (142,260) (173,242) (133,103)

bryanl1.bmp
(96,250) (125,67) (128,248) (117,157) (185,272)

bryanr1.bmp
(28,196) (32,248) (96,71) (151,239) (189,284)

chingycl1.bmp
(189,284) (117,115) (69,288) (20,51) (98,186)

chingycr1.bmp
(155,20) (136,91) (167,128) (56,277) (16,85)

chongpkl1.bmp
(118,160) (140,283) (215,292) (70,66) (214,40)

chongpkr1.bmp
(115,133) (33,240) (154,265) (193,15) (184,217)

christinel1.bmp
(184,217) (192,120) (51,304) (103,244) (204,41)

christiner1.bmp
(197,86) (189,230) (57,271) (31,57) (135,147) 

chualsl1.bmp
(175,249) (196,120) (47,31) (82,262) (95,285)

chualsr1.bmp
(196,270) (64,39) (111,76) (104,270) (184,229)

eugenehol1.bmp
(201,134) (158,41) (191,264) (70,82) (122,166)

eugenehor1.bmp
(128,149) (19,272) (43,64) (193,58) (185,279)

fatmal1.bmp
(30,265) (101,72) (135,269) (209,234) (156,27)

fatmar1.bmp
(131,246) (200,236) (207,71) (176,281) (219,81)

fional1.bmp
(142,91) (80,71) (220,144) (212,257) (21,262) 

fionar1.bmp
(55,90) (81,99) (155,67) (173,227) (226,223)

hockl1.bmp
(51,51) (45,87) (95,92) (189,69) (117,286)

hockr1.bmp
(122,72) (52,49) (44,165) (72,239) (205,261)

kelvinl1.bmp
(149,73) (131,231) (177,261) (50,34) (38,223)

kelvinr1.bmp
(38,223) (139,213) (116,37) (38,56) (67,257)

lec_1.bmp
(54,189) (75,87) (162,89) (162,241) (168,68)

lecr1.bmp
(168,68) (167,166) (40,199) (63,53) (188,56)

liujwl1.bmp
(188,56) (41,52) (76,252) (172,38) (195,218)
