liujwr1.bmp
(113,138) (113,60) (118,213) (32,255) (34,17)

lokel1.bmp
(130,128) (137,53) (144,203) (62,261) (39,22)

loker1.bmp
(100,165) (110,53) (33,40) (54,272) (131,250) 

lowyfl1.bmp
(129,75) (107,142) (39,88) (49,246) (179,261) 

lowyfr1.bmp
(103,162) (116,97) (120,236) (64,261) (134,269)

lpjl1.bmp
(129,110) (134,105) (19,152) (53,16) (190,18)

mahskl1.bmp
(128,102) (99,248) (39,31) (16,246) (181,238)

maranl1.bmp
(130,140) (149,70) (135,224) (47,264) (61,21)

masl1.bmp
(166,84) (164,242) (147,165) (66,47) (90,249)

mazwanl1.bmp
(150,92) (106,176) (122,255) (66,256) (71,32)

mimil1.bmp
(133,231) (128,150) (83,37) (148,84) (198,254) 

minglil1.bmp
(128,92) (129,232) (41,261) (198,36) (133,257)

ngkokwhyl1.bmp
(134,51) (124,133) (110,221) (59,273) (189,269)

nkll1.bmp
(79,144) (27,225) (101,245) (175,61) (159,289)

norazal1.bmp
(140,107) (126,247) (26,253) (192,43) (55,194)

norsuhaidahl1.bmp
(114,151) (131,87) (127,233) (31,140) (86,16)

ongbll1.bmp
(118,88) (117,228) (168,257) (25,35) (168,273)

pcll1.bmp
(133,75) (133,223) (67,264) (107,35) (199,247)

philipl1.bmp
(104,82) (78,243) (171,261) (138,52) (172,32)

roslil1.bmp
(137,105) (109,172) (39,205) (54,19) (189,247)

salal1.bmp
(146,131) (165,212) (77,262) (52,32) (86,229)

sarinal1.bmp
(122,92) (118,235) (36,129) (175,245) (184,39)

sitil1.bmp
(133,86) (132,237) (52,232) (71,39) (112,157) 

suzailil1.bmp
(130,77) (141,234) (42,198) (128,160) (52,28)

tanwnl1.bmp
(90,122) (105,183) (43,268) (163,236) (183,26)
