aeval1.bmp
(108,144) (121,142) (111,151) (123,151) (118,156)

aevar1.bmp
(118,175) (130,173) (133,184) (138,186) (125,181)

bryanl1.bmp
(114,131) (124,130) (125,142) (122,148) (129,142)

bryanr1.bmp
(103,142) (104,151) (105,158) (118,151) (109,161)

chingycl1.bmp
(89,170) (91,179) (105,177) (104,184) (108,178)

chingycr1.bmp
(117,156) (127,159) (128,165) (142,155) (129,164)

chongpkl1.bmp
(109,155) (110,147) (127,150) (157,115) (115,147)

chongpkr1.bmp
(97,129) (111,121) (122,126) (137,111) (130,129)

christinel1.bmp
(99,139) (114,146) (110,154) (110,140) (105,152)

christiner1.bmp
(113,146) (117,140) (143,121) (118,149) (127,144)

chualsl1.bmp
(86,161) (101,162) (92,173) (104,164) (103,170)

chualsr1.bmp
(106,152) (118,146) (116,153) (123,139) (120,153)

eugenehol1.bmp
(105,165) (124,166) (109,171) (106,164) (110,164)

eugenehor1.bmp
(110,151) (117,151) (124,151) (120,154) (120,157)

fatmal1.bmp
(147,126) (158,126) (173,129) (153,139) (153,131)

fatmar1.bmp
(91,146) (104,138) (110,142) (100,152) (109,145)

fional1.bmp
(107,203) (119,203) (117,210) (124,215) (116,205)

fionar1.bmp
(136,164) (142,164) (145,159) (155,159) (159,159)

hockl1.bmp
(109,155) (118,155) (111,160) (166,106) (116,163)

hockr1.bmp
(116,163) (116,171) (126,166) (127,174) (122,168)

kelvinl1.bmp
(108,142) (108,135) (114,145) (124,145) (115,153)

kelvinr1.bmp
(124,151) (134,149) (140,157) (146,157) (134,160)

lec_1.bmp
(149,145) (157,139) (168,142) (157,151) (164,153)

lecr1.bmp
(112,204) (121,208) (121,202) (128,211) (128,203)

liujwl1.bmp
(99,159) (101,166) (114,161) (108,165) (118,160)

liujwr1.bmp
(101,99) (127,99) (143,124) (133,168) (103,171)

lokel1.bmp
(128,93) (144,95) (161,122) (149,161) (128,160)

loker1.bmp
(96,128) (121,133) (135,163) (128,199) (96,204)

lowyfl1.bmp
(109,112) (124,116) (141,124) (105,186) (130,188)

lowyfr1.bmp
(114,130) (125,135) (103,203) (117,202) (134,196)

lpjl1.bmp
(129,150) (132,222) (104,170) (96,205) (159,184) 

mahskl1.bmp
(99,134) (73,204) (98,212) (127,93) (125,153) 

maranl1.bmp
(127,107) (149,110) (114,188) (143,190) (164,181)

masl1.bmp
(149,130) (150,208) (164,205) (180,193) (184,165)

mazwanl1.bmp
(118,131) (140,137) (156,163) (107,208) (142,207)

mimil1.bmp
(130,121) (150,120) (119,183) (131,188) (149,185) 

minglil1.bmp
(111,123) (131,127) (105,198) (132,196) (149,179)

ngkokwhyl1.bmp
(105,105) (129,98) (97,168) (129,176) (154,166)

nkll1.bmp
(89,111) (80,202) (98,200) (117,189) (112,196)

norazal1.bmp
(130,137) (113,210) (138,213) (138,214) (153,198)

norsuhaidahl1.bmp
(109,120) (135,123) (104,191) (132,192) (148,177)

ongbll1.bmp
(100,130) (113,128) (89,190) (119,196) (140,178)

pcll1.bmp
(117,113) (111,179) (138,184) (152,163) (146,123)

philipl1.bmp
(95,142) (117,138) (70,165) (86,201) (116,207)

roslil1.bmp
(115,136) (114,215) (127,206) (137,185) (131,149)

salal1.bmp
(152,94) (142,173) (166,167) (179,154) (180,130)

sarinal1.bmp
(104,126) (125,122) (102,199) (122,203) (199,138)

sitil1.bmp
(114,118) (136,122) (111,195) (136,197) (155,168)

suzailil1.bmp
(117,124) (137,127) (118,198) (144,194) (160,168)

tanwnl1.bmp
(96,149) (110,141) (119,121) (110,91) (113,140)
