aeval1.bmp
(118,247) (74,213) (120,235) (115,165) (91,247)

aevar1.bmp
(91,127) (145,259) (142,260) (173,242) (133,103)

bryanl1.bmp
(96,250) (125,67) (128,248) (117,157) (185,272)

bryanr1.bmp
(28,196) (32,248) (96,71) (151,239) (189,284)

chingycl1.bmp
(189,284) (117,115) (69,288) (20,51) (98,186)

chingycr1.bmp
(155,20) (136,91) (167,128) (56,277) (16,85)

chongpkl1.bmp
(118,160) (140,283) (215,292) (70,66) (214,40)

chongpkr1.bmp
(115,133) (33,240) (154,265) (193,15) (184,217)

christinel1.bmp
(184,217) (192,120) (51,304) (103,244) (204,41)

christiner1.bmp
(197,86) (189,230) (57,271) (31,57) (135,147) 

chualsl1.bmp
(175,249) (196,120) (47,31) (82,262) (95,285)

chualsr1.bmp
(196,270) (64,39) (111,76) (104,270) (184,229)

eugenehol1.bmp
(201,134) (158,41) (191,264) (70,82) (122,166)

eugenehor1.bmp
(128,149) (19,272) (43,64) (193,58) (185,279)

fatmal1.bmp
(30,265) (101,72) (135,269) (209,234) (156,27)

fatmar1.bmp
(131,246) (200,236) (207,71) (176,281) (219,81)

fional1.bmp
(142,91) (80,71) (220,144) (212,257) (21,262) 

fionar1.bmp
(55,90) (81,99) (155,67) (173,227) (226,223)

hockl1.bmp
(51,51) (45,87) (95,92) (189,69) (117,286)

hockr1.bmp
(122,72) (52,49) (44,165) (72,239) (205,261)

kelvinl1.bmp
(149,73) (131,231) (177,261) (50,34) (38,223)

kelvinr1.bmp
(38,223) (139,213) (116,37) (38,56) (67,257)

lec_1.bmp
(54,189) (75,87) (162,89) (162,241) (168,68)

lecr1.bmp
(168,68) (167,166) (40,199) (63,53) (188,56)

liujwl1.bmp
(188,56) (41,52) (76,252) (172,38) (195,218)

liujwr1.bmp
(113,138) (113,60) (118,213) (32,255) (34,17)

lokel1.bmp
(130,128) (137,53) (144,203) (62,261) (39,22)

loker1.bmp
(100,165) (110,53) (33,40) (54,272) (131,250) 

lowyfl1.bmp
(129,75) (107,142) (39,88) (49,246) (179,261) 

lowyfr1.bmp
(103,162) (116,97) (120,236) (64,261) (134,269)

lpjl1.bmp
(129,110) (134,105) (19,152) (53,16) (190,18)

mahskl1.bmp
(128,102) (99,248) (39,31) (16,246) (181,238)

maranl1.bmp
(130,140) (149,70) (135,224) (47,264) (61,21)

masl1.bmp
(166,84) (164,242) (147,165) (66,47) (90,249)

mazwanl1.bmp
(150,92) (106,176) (122,255) (66,256) (71,32)

mimil1.bmp
(133,231) (128,150) (83,37) (148,84) (198,254) 

minglil1.bmp
(128,92) (129,232) (41,261) (198,36) (133,257)

ngkokwhyl1.bmp
(134,51) (124,133) (110,221) (59,273) (189,269)

nkll1.bmp
(79,144) (27,225) (101,245) (175,61) (159,289)

norazal1.bmp
(140,107) (126,247) (26,253) (192,43) (55,194)

norsuhaidahl1.bmp
(114,151) (131,87) (127,233) (31,140) (86,16)

ongbll1.bmp
(118,88) (117,228) (168,257) (25,35) (168,273)

pcll1.bmp
(133,75) (133,223) (67,264) (107,35) (199,247)

philipl1.bmp
(104,82) (78,243) (171,261) (138,52) (172,32)

roslil1.bmp
(137,105) (109,172) (39,205) (54,19) (189,247)

salal1.bmp
(146,131) (165,212) (77,262) (52,32) (86,229)

sarinal1.bmp
(122,92) (118,235) (36,129) (175,245) (184,39)

sitil1.bmp
(133,86) (132,237) (52,232) (71,39) (112,157) 

suzailil1.bmp
(130,77) (141,234) (42,198) (128,160) (52,28)

tanwnl1.bmp
(90,122) (105,183) (43,268) (163,236) (183,26)

